1745.3279
1725.7229
1759.7983
1720.0953
1728.1204
1746.5274
1766.9217
1778.7353
1817.3819
1807.0902
1759.0689
1758.5156
1737.981
1768.5384
1739.9076
1770.7889
1929.4528
1935.5489
1817.4979
1752.6123
1761.5622
1736.4332
1750.344
1754.5053
1980.4063
1850.7686
1816.8334
1991.0446
1760.133
1804.198
1839.6163
1755.4966
1754.7036
1758.4551
1868.704
1863.7585
1871.89
1869.3253
1879.0228
1760.0371
1740.9487
1761.7005
1803.1147
1764.3849
1758.3527
1756.6032
1792.5072
1750.8251
1716.5128
1740.5474
1745.0962
1740.1787
1752.1753
1747.4917
1759.2266
1801.6318
1751.3293
1766.333
1962.4611
1761.464
1938.7325
1932.0984
1792.4843
1888.7395
1787.8476
1789.5533
1756.3994
1740.9624
1786.2934
1764.3658
1736.0173
1759.0406
1733.5531
1757.3842
1733.8127
1756.6551
1749.1272
1745.2254
1726.955
1736.0162
1749.9284
1727.6495
1766.0308
1743.0321
1744.2847
1769.4791
1828.2033
1769.3635
1750.9627
1762.8443
1748.7341
1724.6302
1745.8539
1714.9712
1772.4253
1760.7863
1722.6036
1738.743
1727.4366
1722.2114
1722.6851
1726.9903
1743.9477
1741.2275
1756.8079
1731.9251
1737.4327
1722.3567
1728.7456
1727.6209
1722.0425
1753.8141
1791.1173
1739.483
1733.6011
1712.0756
1738.7099
1746.1822
1722.7843
1735.806
1763.3202
1752.0465
1730.3701
1721.1822
1733.6868
1719.102
1743.3898
1734.7875
1752.7805
1759.9791
1737.7404
1734.0209
1730.7844
1746.8487
1742.1612
1730.515
1727.9293
1731.3675
1822.9845
1816.1198
1728.9988
1737.1867
1744.4677
1738.7043
1736.7748
1730.9985
1743.8015
1774.6315
1770.7685
1730.0969
1743.6977
1732.8552
1745.8195
1766.491
1733.7872
1744.8358
1738.5159
1729.2482
1740.679
1737.6213
1737.21
3288.4913
2903.9397
2571.4637
2670.037
2551.4676
2345.5586
2226.7241
2175.485
2274.326
2067.0504
2070.0117
2048.2146
2068.5506
2013.0027
1969.8345
1978.4479
1950.3417
1959.3052
1938.2654
1961.146
1917.378
1899.7734
1882.7861
1920.5635
1915.0845
1989.8934
2006.3316
1863.7947
1874.2153
1865.0575
1951.4835
1901.0695
1959.7242
2015.7976
2007.2885
1951.6715
1890.6251
1899.1154
1828.372
1871.8461
2011.4013
2064.6153
1874.3376
1910.2876
1853.0595
1809.3537
1871.7079
1854.1051
1839.7388
1911.2068
1923.289
1878.0624
1891.5961
1885.3845
1843.8833
1850.9437
1906.8989
1941.9894
1843.8347
1759.5219
1742.2492
1774.7699
1759.9876
1747.7913
1792.9113
1796.5606
1752.8045
1793.0107
1774.0991
1747.2278
1738.6126
1747.9328
1727.3177
1750.1185
1744.6784
1882.083
1830.6584
1788.7933
1746.2346
1760.8434
1731.4539
1734.8137
1725.5547
1795.0111
1748.4002
1733.4481
1722.6646
1733.2686
1733.8504
1736.8066
1726.9574
1733.347
1730.1538
1733.5462
1727.376
1750.6291
1728.4646
1723.5453
1727.755
1732.9392
1734.6366
1825.591
1774.9656
1749.0819
1769.0673
1744.6607
1710.1877
1712.3885
1732.159
1744.4137
1738.5074
1731.9963
1741.5286
1702.5313
1695.4601
1712.7633
1702.3468
1726.3859
1721.4213
1708.9229
1702.7095
1698.6662
1722.8067
1702.6315
1708.2286
1708.6864
1710.1834
1802.359
1754.1093
1716.4963
1702.7656
1709.5042
1714.1396
1742.5886
1730.2769
1703.712
1736.6289
1715.6195
1712.6231
1711.81
1706.5606
1701.4276
1709.0346
1711.887
1718.3136
1705.1759
1706.4788
1710.6035
1705.3578
1716.2637
1713.9129
1714.5354
1712.4441
1705.1094
1806.7844
1790.4089
1713.5699
1710.1119
1705.8945
1707.7493
1704.3142
1729.0853
1745.3074
1732.5641
1698.4008
1703.4624
1717.5527
1702.4428
1708.9233
1706.9688
1704.8085
1714.0132
1699.6828
1711.3552
1714.4184
1705.2937
1720.0556
1705.1086
1736.8193
1700.6251
1742.7933
1784.9062
1741.2836
1713.8039
1705.3545
1706.8009
1698.5377
1702.3625
1722.8048
1737.7951
1717.7975
1707.4023
1699.7244
1716.9096
1695.994
1714.6797
1707.6778
1701.1531
1714.2328
1700.3685
1723.9377
1718.5313
1709.6517
1703.2996
1708.2744
1710.7095
1708.7106
1807.5806
1764.0832
1704.9131
1735.0224
1702.0541
1711.8732
1701.0978
1713.9283
1704.5115
1725.9201
1733.6119
1705.0475
1708.6131
1709.6268
1697.8147
1712.5803
1724.5428
1705.9978
1707.3248
1717.221
1709.2268
1726.8464
1702.0469
1701.4013
1744.5094
1717.3289
1754.031
1792.7332
1774.3802
1706.3889
1719.9823
1705.5606
1715.8364
1700.1201
1706.3475
1736.0761
1723.3407
1713.1977
1721.3795
1727.2386
1719.8355
1709.6645
1709.5186
1705.4818
1697.9514
1698.4803
1704.9692
1710.5058
1750.5808
1703.2867
1700.3823
1704.4599
1713.5245
1816.7289
1762.4918
1714.896
1700.4283
1709.2973
1708.5149
1716.2975
1701.5657
1736.741
1721.8893
1708.8199
1738.4364
1706.292
1701.1041
1714.8666
1709.0649
1713.5789
1703.3357
1708.1718
1705.5578
1706.89
1706.5605
1699.7722
1710.7195
1705.2839
1702.8017
1754.7661
1805.7984
1753.749
1710.7837
1702.9936
1703.3848
1708.4591
1713.6162
1707.7126
1751.6534
1725.5882
1698.5772
1710.3764
1709.7506
1713.6592
1708.1942
1707.5248
1716.4619
1729.0909
1712.9128
1702.2478
1709.9785
1708.6809
1713.1198
1713.4195
1709.406
1703.433
1831.568
1746.0874
1723.1668
1712.9555
1704.7679
1703.7339
1712.2104
1732.3378
1743.0285
1734.8292
1707.7547
1711.7203
1728.744
1700.335
1734.5026
1702.2444
1703.5164
1711.6824
1703.8505
1722.0365
1697.4361
1703.6564
1696.0041
1704.544
1715.414
1707.5021
1773.0184
1799.3117
1725.2768
1715.1337
1741.9583
1742.1764
1698.1895
1710.2643
1725.9868
1738.6853
1726.7035
1705.0986
1710.1555
1702.42
1709.0369
1710.7677
1761.5783
1704.2731
1718.2048
1706.4402
1714.4941
1707.037
1717.483
1703.0058
1702.3843
1704.502
1704.0665
1763.885
1791.9687
1702.6647
1708.3379
1706.3958
1725.5891
1703.7429
1699.5446
1742.5204
1720.2219
1710.374
1703.7444
1701.3215
1704.3368
1704.7029
1714.1364
1711.535
1710.5947
1711.3908
1700.0239
1711.2267
1700.3787
1717.6039
1707.3717
1703.8853
1720.3577
1800.67
1786.2606
1720.5602
1714.3493
1704.764
1701.7774
1721.8168
1704.9991
1718.138
1735.3607
1724.6494
1714.7606
1710.3449
1709.1397
1708.4497
1701.021
1706.8526
1704.5098
1710.9746
1710.9355
1710.2607
1705.0814
1700.3633
1735.4332
1707.8701
1708.6717
1699.0879
1822.7192
1794.9525
1711.9274
1729.3441
1705.0644
1704.0122
1717.7618
1705.7966
1720.7656
1734.1009
1723.783
1701.097
1710.5444
1717.2203
1702.64
1702.5449
1696.9297
1711.8969
1707.8215
1701.0475
1718.2189
1702.3501
1699.9299
1720.2209
1706.8779
1733.5977
1789.5014
1779.7847
1726.7522
1715.8866
1715.3802
1719.4886
1705.0095
1730.0818
1703.1602
1841.0047
1826.9028
1862.5105
1817.4138
1809.8303
1831.2691
1838.5713
1753.8733
1796.079
1830.4379
1745.2246
1804.1395
1714.6501
1697.5101
1715.9092
1697.9539
1705.1573
1792.4739
1747.5168
1720.5059
1706.526
1713.6284
1700.736
1702.9631
1710.9389
1705.9673
1747.3113
1726.0147
1713.9526
1729.7063
1707.0834
1718.1433
1703.6747
1703.1868
1708.504
1712.7086
1713.2785
1704.935
1727.5023
1703.8475
1702.7755
1713.3103
1703.664
1710.3609
1832.5893
1807.4735
1716.8782
1712.0349
1712.7509
1717.1478
1708.6534
1703.7495
1743.639
1734.8466
1700.5359
1709.7803
1701.0047
1711.5742
1711.8364
1711.7122
1738.8611
1710.8708
1698.3869
1742.9825
1700.6767
1711.9204
1710.918
1708.5827
1700.8442
1707.8694
1845.3827
1798.0216
1700.7105
1712.541
1709.6129
1717.786
1703.284
1708.7368
1729.5113
1736.5067
1737.0158
1707.4717
1715.3293
1703.5812
1714.2234
1716.5328
1706.0844
1716.878
1696.2929
1702.5692
1710.5335
1705.636
1742.9786
1703.8396
1709.0844
1699.8167
1709.0608
1787.8786
1752.605
1713.6075
1705.8043
1697.9936
1718.3233
1704.8388
1725.6156
1741.2601
1714.7692
1713.5312
1701.7839
1735.8423
1720.852
1717.4399
1700.7012
1723.5834
1710.9176
1700.8481
1709.3092
1696.5076
1713.3848
1711.2663
1809.0825
1729.3147
1719.9637
1788.1481
1772.7531
1743.1125
1709.9102
1703.2013
1711.9806
1707.0001
1699.1982
1735.726
1740.2965
1733.9011
1740.473
1696.7924
1714.6101
1706.539
1790.1981
1826.3533
1748.4448
1709.8202
1709.9041
1717.8796
1705.8367
1712.2582
1707.0228
1718.1425
1707.009
1761.5703
1769.571
1735.9391
1720.8376
1708.3242
1713.3659
1719.1828
1707.9003
1704.8975
1736.6546
1723.9785
1713.7687
1714.4956
1711.8145
1699.0829
1703.3625
1724.3685
1709.923
1709.2425
1703.0099
1709.6091
1725.7963
1701.048
1737.5477
1698.2258
1705.3833
1706.2521
1785.1038
1792.7431
1755.6951
1713.5938
1707.9761
1702.4577
1712.9559
1714.6402
1759.3333
1732.7138
1709.1972
1711.2066
1704.6368
1728.6369
1717.5791
1714.7794
1706.1979
1701.5896
1704.6406
1704.6565
1706.6155
1726.7315
1704.6736
1707.0381
1720.6088
1716.5811
1729.8774
1797.2531
1757.321
1720.393
1713.3882
1708.9614
1704.7572
1701.6793
1710.2166
1762.9608
1750.8961
1720.0033
1703.1271
1706.9786
1737.0046
1702.0452
1719.1012
1704.7
1724.4691
1728.6676
1709.5184
1717.5471
1735.6011
1728.7444
1735.8309
1719.4599
1720.7887
1795.8081
1785.0941
1713.0839
1702.1547
1735.6556
1702.421
1713.4389
1719.1386
1745.797
1736.2485
1715.1118
1706.7132
1741.6032
1710.7091
1709.2782
1698.3955
1723.3779
1702.9308
1728.0174
1722.455
1707.646
1714.4627
1725.2166
1725.9873
1704.7263
1710.9311
1795.3758
1800.3726
1722.2216
1736.5404
1713.1157
1738.3579
1713.1599
1707.5719
1746.2006
1742.0372
1704.6417
1705.4497
1719.0961
1706.2511
1713.9577
1706.9023
1729.8469
1730.0308
1700.7246
1719.1575
1699.3409
1709.7356
1703.749
1704.603
1721.5332
1728.3102
1808.646
1791.6411
1747.3599
1744.3674
1713.2727
1709.4463
1721.5954
1708.7729
1731.7707
1758.8611
1739.3329
1713.6841
1714.1907
1698.3142
1707.5354
1725.9212
1708.0676
1732.8544
1711.7124
1719.6112
1712.2249
1696.3851
1729.2751
1710.021
1718.1195
1715.1568
1719.1516
1858.0443
1787.3598
1717.4867
1706.6555
1719.0802
1721.947
1723.6826
1716.207
1745.835
1738.5142
1729.711
1699.1683
1734.2287
1734.0214
1720.8016
1710.1163
1703.4572
1715.8441
1707.3274
1708.1291
1705.6135
1707.3988
1717.8479
1707.8869
1714.9351
1710.7268
1809.2543
1771.7505
1703.8593
1723.9192
1706.3912
1728.8981
1703.3453
1704.7971
1740.7507
1726.3701
1715.1905
1706.5927
1715.761
1721.0132
1715.3947
1729.7587
1705.8874
1705.2617
1707.6354
1701.8884
1703.4858
1704.0065
1712.3452
1710.3689
1717.2802
1715.4173
1814.9462
1780.2082
1740.7021
1718.905
1722.9712
1726.2891
1730.777
1704.1131
1744.7052
1722.7265
1724.3689
1717.9312
1707.3438
1714.4405
1710.0115
1722.7052
1751.8128
1712.3702
1710.7272
1706.4941
1716.3298
1718.823
1705.7543
1727.0149
1726.4127
0.1111
0.084
0.0299
0.0202
0.0211
0.0284
0.0189
0.0206
0.0209
0.0192
0.0188
0.0372
0.0497
0.0266
0.0278
0.0208
0.019
0.0207
0.0187
0.0188
0.0192
0.0697
0.0383
0.0383
0.039
0.0192
0.0208
0.0208
0.0279
0.0285
0.0284
0.0191
0.0279
0.0203
0.0182
0.0383
0.0286
0.0199
0.0387
0.0292
0.0282
0.0275
0.0191
0.0306
0.0191
0.0383
0.02
0.02
0.0493
0.0185
0.0206
0.0384
0.0192
0.0187
0.0429
0.0195
0.0208
0.0198
0.0187
0.0401
0.0193
0.0192
0.0187
0.0287
0.0206
0.0192
0.0388
0.0201
0.0292
0.0301
0.0207
0.0195
0.0205
0.0375
0.0386
0.0193
0.0481
0.019
0.0725
0.0195
0.0281
0.0187
0.0379
0.021
0.0289
0.0204
0.0185
0.0191
0.0668
0.0185
0.0284
0.0384
0.0188
0.0209
0.0289
0.0189
0.0189
0.0209
0.0208
0.019
0.0472
0.0195
0.0291
0.0208
0.0192
0.028
0.0206
0.0188
0.0281
0.0369
0.0284
0.0184
0.0195
0.0208
0.0384
0.0271
0.038
0.0279
0.0186
0.0378
0.0736
0.0187
0.0378
0.0202
0.0196
0.0188
0.0188
0.0207
0.0207
0.0183
0.0215
0.0382
0.0208
0.0203
0.0285
0.0704
0.038
0.0211
0.0191
0.0185
0.019
0.038
0.0186
0.0207
0.0275
0.0195
0.0188
0.0186
0.0205
0.0647
0.0207
0.019
0.0212
0.0198
0.0282
0.0298
0.0209
0.0203
0.049
0.0284
0.0196
0.0382
0.0195
0.0185
0.0189
0.0188
0.0277
0.0379
0.0281
0.0182
0.0206
0.0384
0.0598
0.0805
0.048
0.0385
0.0194
0.0194
0.0188
0.0186
0.038
0.0211
0.0212
0.0284
0.0461
0.0184
0.0187
0.0213
0.0202
0.0188
0.02
0.0197
0.0365
0.0398
0.0287
0.0192
0.0208
0.0382
0.0187
0.0188
0.0187
0.0305
0.0279
0.0197
0.0196
0.0187
0.0293
0.0187
0.0186
0.0389
0.0688
0.0452
0.0298
0.0391
0.0185
0.0207
0.0203
0.0208
0.0483
0.0288
0.0285
0.0213
0.019
0.0187
0.0213
0.0188
0.0188
0.0382
0.0394
0.0208
0.0188
0.028
0.021
0.0208
0.0384
0.0188
0.021
0.0187
0.0206
0.0191
0.0208
0.0198
0.0379
0.027
0.0286
0.0378
0.0411
0.0409
0.0383
0.0372
0.0186
0.0186
0.0189
0.0194
0.0395
0.0291
0.0286
0.0199
0.0197
0.0207
0.0186
0.0384
0.0288
0.0371
0.0208
0.0197
0.0207
0.0275
0.0276
0.0442
0.019
0.0203
0.0188
0.0204
0.0382
0.0302
0.0284
0.0296
0.0196
0.0189
0.0391
0.0207
0.0194
0.0277
0.0205
0.019
0.0187
0.0189
0.0209
0.0209
0.0195
0.0195
0.0208
0.0193
0.0376
0.0335
0.0403
0.0388
0.0289
0.0526
0.0208
0.0191
0.0193
0.0191
0.0202
0.038
0.0282
0.0283
0.0215
0.0292
0.0217
0.0284
0.0216
0.058
0.0205
0.0291
0.0194
0.0386
0.02
0.0296
0.0284
0.0207
0.0389
0.0203
0.0209
0.0384
0.0409
0.0251
0.0387
0.0381
0.0387
0.0395
0.0305
0.0304
0.038
0.0197
0.0293
0.0592
0.0215
0.0195
0.0201
0.0201
0.0284
0.0191
0.0208
0.0302
0.0296
0.0207
0.0289
0.0394
0.031
0.0552
0.0199
0.0384
0.0281
0.0305
0.0399
0.0206
0.0219
0.0288
0.0379
0.0185
0.0558
0.0194
0.0385
0.0194
0.0393
0.0186
0.0384
0.0286
0.0212
0.0449
0.0212
0.0188
0.0383
0.0294
0.0195
0.0248
0.0196
0.0198
0.0196
0.0188
0.0186
0.0192
0.0282
0.0192
0.0194
0.0191
0.0187
0.0376
0.0188
0.0194
0.0291
0.0277
0.0187
0.0385
0.0192
0.0195
0.0205
0.0208
0.0186
0.022
0.0386
0.0302
0.0475
0.0206
0.0394
0.0296
0.0201
0.0213
0.0379
0.0197
0.0385
0.0197
0.019
0.02
0.0289
0.0205
0.0381
0.0341
0.0195
0.0285
0.0405
0.0408
0.0288
0.0282
0.0297
0.0191
0.0193
0.0214
0.0199
0.0296
0.0292
0.0399
0.0199
0.0293
0.0202
0.0209
0.0292
0.0212
0.0188
0.0195
0.0386
0.0291
0.0287
0.021
0.0279
0.0193
0.0291
0.0192
0.0379
0.0285
0.0286
0.0392
0.0474
0.0187
0.029
0.0196
0.0194
0.0389
0.0401
0.0467
0.0233
0.0435
0.0192
0.0209
0.0204
0.0188
0.0185
0.0284
0.0607
0.0345
0.0722
0.0198
0.0283
0.0196
0.0284
0.0291
0.019
0.0206
0.0193
0.0296
0.0201
0.0201
0.0195
0.0358
0.0601
0.0376
0.0222
0.0289
0.0199
0.0203
0.0194
0.0193
0.0192
0.0384
0.0188
0.0186
0.021
0.0395
0.0488
0.0284
0.0197
0.0191
0.0191
0.0286
0.0191
0.0208
0.0285
0.0204
0.0379
0.0197
0.0204
0.0375
0.028
0.0383
0.0859
0.0207
0.0287
0.0384
0.0193
0.0585
0.0348
0.02
0.0423
0.0361
0.0532
0.0288
0.0285
0.019
0.019
0.0386
0.0298
0.0194
0.0201
0.0283
0.0189
0.0285
0.0193
0.0289
0.0213
0.0283
0.0218
0.0398
0.0401
0.0399
0.0751
0.0339
0.0381
0.0388
0.0193
0.0386
0.02
0.0295
0.0291
0.0392
0.019
0.0196
0.0194
0.0193
0.0455
0.0215
0.0214
0.0192
0.0209
0.0207
0.0285
0.0283
0.0184
0.0416
0.02
0.0211
0.0201
0.0201
0.0221
0.03
0.0277
0.0247
0.0284
0.0204
0.0378
0.0216
0.0295
0.0197
0.0295
0.0487
0.0278
0.022
0.0296
0.021
0.0409
0.0194
0.0195
0.0201
0.0201
0.0203
0.0387
0.0198
0.0344
0.0197
0.0193
0.0379
0.0374
0.0196
0.0836
0.0196
0.0297
0.0194
0.0389
0.0425
0.0198
0.0298
0.0388
0.0211
0.0209
0.0294
0.0385
0.0425
0.0197
0.0197
0.0238
0.02
0.0732
0.0195
0.0192
0.0406
0.0287
0.0191
0.0195
0.0185
0.0195
0.0521
0.0299
0.0214
0.0203
0.0194
0.0226
0.0296
0.0285
0.0194
0.03
0.0398
0.0586
0.021
0.0377
0.0192
0.0248
0.0196
0.0197
0.0285
0.0297
0.0392
0.0196
0.0198
0.0478
0.047
0.0195
0.021
0.0388
0.0199
0.0393
0.0294
0.0198
0.03
0.0295
0.048
0.0197
0.0383
0.0294
0.0187
0.0212
0.0279
0.0386
0.0505
0.0193
0.0295
0.1759
0.0378
0.0394
0.0394
0.0187
0.0187
0.0392
0.0187
0.0468
0.0186
0.0217
0.0283
0.0297
0.0389
0.029
0.0208
0.0191
0.0294
0.0286
0.0213
0.0246
0.021
0.0203
0.0187
0.029
0.0282
0.0296
0.0284
0.0192
0.0292
0.0192
0.0379
0.0332
0.0203
0.0385
0.0188
0.0192
0.0188
0.0192
0.0489
0.0384
0.0188
0.0186
0.029
0.0393
0.0381
0.0375
0.0194
0.0285
0.0209
0.02
0.0186
0.0376
0.02
0.0195
0.0299
0.0324
0.029
0.0297
0.0477
0.0427
0.0289
0.028
0.0288
0.0291
0.0186
0.0277
0.0291
0.03
0.0531
0.0197
0.0388
0.0192
0.0312
0.0195
0.0325
0.0389
0.0207
0.0385
0.038
0.0195
0.0193
0.0292
0.0197
0.0199
0.0287
0.0288
0.0201
0.0384
0.0193
0.019
0.0287
0.0186
0.0295
0.0293
0.0293
0.0342
0.0198
0.0295
0.0207
0.0471
0.0292
0.0277
0.0209
0.0391
0.0187
0.019
0.0199
0.0393
0.0289
0.0457
0.0383
0.0385
0.0289
0.0295
0.0284
0.0392
0.0216
0.0386
0.0303
0.0192
0.057
0.0198
0.0583
0.0514
0.0296
0.0199
0.0211
0.0293
0.0196
0.0194
0.0196
0.0189
0.0189
0.0196
0.019
0.0221
0.0202
0.0391
0.0291
0.0385
0.0194
0.0285
0.0289
0.0297
0.0391
0.0293
0.021
0.0216
0.0209
0.0294
0.0394
0.0191
0.0186
0.0285
0.0295
0.0384
0.0207
0.0192
0.0283
0.0204
0.0197
0.0204
0.019
0.019
0.0189
0.0196
0.0209
0.0298
0.0672
0.0187
0.019
0.0503
0.0221
0.0287
0.0195
0.0291
0.0292
0.0207
0.0293
0.0193
0.0198
0.039
0.0192
0.0194
0.03
0.0195
0.029
0.0303
0.0202
0.0292
0.0299
0.0283
0.0204
0.0287
0.0188
0.0286
0.0406
0.0287
0.0183
0.029
0.0202
0.029
0.0202
0.039
0.0195
0.0219
0.0216
0.0291
0.0377
0.03
0.0199
0.038
0.0189
0.0386
0.0279
0.0195
0.0224
0.0285
0.0413
0.0221
0.0296
0.029
0.0196
0.0193
0.0474
0.0196
0.0196
0.0197
0.0199
0.029
0.0213
0.0216
0.0291
0.0195
0.0195
0.0319
0.0383
0.0387
0.0338
0.0204
0.0216
0.0381
0.0193
0.045
0.0197
0.0199
0.0487
0.0385
0.0202
0.042
0.029
0.0579
0.021
0.0204
0.0551
0.0219
0.0335
0.0284
0.0288
0.0288
0.0298
0.0199
0.0382
0.0285
0.0277
0.0193
0.0382
0.0293
0.0742
0.0191
0.0191
0.0202
0.0197
0.0211
0.0195
0.0428
0.0275
0.0196
0.0195
0.0208
0.0295
0.0199
0.0199
0.0283
0.0191
0.0619
0.0381
0.043
0.0383
0.0197
0.0383
0.022
0.0195
0.0436
0.0288
0.0197
0.0386
0.0647
0.0185
0.0192
0.0283
0.0283
0.0389
0.038
0.0218
0.0294
0.0192
0.0189
0.0285
0.0591
0.0194
0.0296
0.0213
0.0444
0.029
0.0291
0.0218
0.0386
0.0196
0.0294
0.0394
0.0392
0.0193
0.0992
0.0038
0.0037
0.0031
0.0034
0.0033
0.0034
0.0038
0.0128
0.0036
0.0817
0.0012
0.0013
0.0106
0.0012
0.0011
0.0017
0.0011
0.0013
0.0011
174.2762
170.9621
174.9445
167.9344
173.1116
173.1462
192.124
172.6449
171.7368
189.6985
1739.5208
1717.7478
1817.7196
1842.2613
1806.7802
1775.2735
1745.5184
1771.9746
1751.7126
1857.1226
1776.3101
1772.8564
1804.22
1759.2909
1806.0771
1784.2268
1788.4013
1860.8029
1838.2136
1772.092
3532.4398
3484.5191
3494.6965
3481.1808
3475.618
3500.3602
3501.9318
3485.1097
3473.6126
3525.9454
0.1427
0.0285
0.0182
0.053
0.033
0.0373
0.0197
0.0423
0.025
0.0202
0.2902
0.1929
0.1684
0.2159
0.1829
0.1906
0.3717
0.1735
0.1677
0.1675
1799.2201
1834.1588
1818.0903
1861.5055
1820.5006
1832.3576
1817.0145
1828.0621
1789.6714
1912.3874
1854.4006
1783.4975
1968.9176
1860.7909
1943.2644
1770.8833
1883.6665
1773.2845
1813.2514
1841.6534
2005.1978
1770.9628
1790.1505
1777.35
1753.5376
1763.9245
1838.3305
1751.2691
1869.3513
1802.4357
1954.8511
1837.7602
1768.7205
1831.2725
1789.0549
1829.2578
1793.2552
1878.8462
1784.2635
1815.2055
1884.5544
1792.8727
1979.9583
1788.153
1831.6085
1761.0522
1813.7081
1859.2808
1856.2656
1892.6816
2045.8821
1773.8028
1759.8979
1743.877
1780.5026
1851.9532
1799.3811
1745.9344
1749.8461
1792.8306
18.5686
20.0223
18.6311
26.6344
23.0839
21.2144
23.18
25.9981
18.4853
17.773
179.7623
176.7741
173.9534
175.901
171.5015
169.8526
170.0129
182.6647
177.9991
170.7358
2.4686
1.7496
2.8108
1.7066
1.7412
1.685
1.6572
1.6883
1.816
2.3899
0.3106
0.3615
0.1916
0.3361
0.3893
0.2538
0.182
0.3339
0.1715
0.1858
0.1799
0.0363
0.0336
0.0383
0.0377
0.0336
0.0188
0.0188
0.0303
0.0321
0.1005
0.0034
0.0028
0.0033
0.0051
0.0045
0.0042
0.0028
0.0047
0.0053
0.1025
0.0016
0.0016
0.0014
0.001
0.0011
0.0015
0.0014
0.0042
0.0027
17.6345
17.7349
17.2628
22.5344
17.0475
16.7003
20.7803
22.3758
17.1548
18.3867
173.7467
181.4623
177.9693
182.762
178.2629
173.2958
171.4332
170.3676
174.5886
172.1211
18.9559
21.274
25.5729
22.9102
20.2868
19.8344
17.2911
16.7556
26.3372
21.0828
173.8697
169.6019
172.1582
170.3334
173.1458
192.7831
176.2394
171.4933
175.782
175.9939
1820.1691
1849.0092
1805.6716
1856.9975
1767.5547
1813.9271
1761.6582
1794.8843
1785.3753
1787.2297
1747.0603
1738.3863
1791.9623
1839.1682
1787.0484
1806.7842
1765.3749
1808.755
1798.847
1896.4023
1730.2229
2023.6786
1873.3526
1822.4895
1717.8624
1767.4122
1785.4659
1772.5001
1744.3271
1748.1965
1815.7079
1845.9002
1744.6866
1798.2638
1797.3788
1732.7941
1843.5961
1788.0913
1865.4233
1730.2965
182.7646
178.7194
175.854
178.5823
179.2946
178.953
179.533
175.6032
176.6748
178.8397
29.8229
20.1114
18.7781
17.2292
17.2971
18.4434
17.9221
18.9767
17.4351
17.5298
1842.5975
1803.376
1783.9922
1745.7564
1783.395
2076.1861
1843.8936
1867.5415
1817.1594
1759.1188
1882.7041
1772.7788
1780.3833
1777.2415
1785.8971
1771.7668
1782.6677
1780.9473
1753.0738
1851.4955
1744.9194
1773.9842
1770.47
1757.7384
1829.9992
1806.0401
1836.1589
1804.3293
1816.4372
1734.3991
1775.1935
1830.7172
1779.2411
1758.6421
1892.3369
1861.6277
1821.9592
1747.9354
1732.9871
1776.6593
1739.6494
1710.4205
1730.5422
1735.8963
1734.0859
1714.9883
1756.7094
1778.074
1758.3524
1791.4315
1728.9629
1732.8607
1770.8213
1809.8347
1754.1216
1795.5771
1958.6285
1904.6204
1829.3987
2004.5686
1837.4317
1838.0555
1899.3119
1848.2188
1833.7315
1850.0948
1766.2815
1708.2989
1747.0039
1737.1187
1716.5491
1800.6932
1741.3901
1715.4124
1818.9714
1723.9793
1753.1091
1854.7709
1788.036
1892.5236
1773.1515
1797.2398
1784.8956
1800.8886
1807.7314
1830.4549
1778.0543
1765.3897
1815.6684
1980.8323
1899.754
1795.9282
1805.1856
1784.0819
1860.5701
1830.3734
1775.6566
1793.9355
1762.8348
1781.4243
1853.505
1823.6764
1836.925
1833.7459
1786.7973
1806.6844
1784.4723
1832.2635
1734.0196
1858.1386
1825.4731
1804.8805
1773.0177
1749.494
1947.0414
1819.652
1841.9795
1786.1015
1833.3874
1935.2625
1896.6212
1857.9593
1808.0523
1786.7824
1823.2833
1832.0629
1787.8779
1844.8271
1884.6507
1772.25
1966.5182
1783.7561
1816.7958
1797.2064
1841.7284
1827.831
1778.8154
1883.3432
1963.5046
1844.6986
1869.0901
1777.3248
1720.0457
1782.8193
1771.595
1753.9656
1787.3847
1813.3952
1806.1362
1817.2715
1851.3341
1803.084
1750.8776
1762.3056
1834.0262
1818.4793
1806.9016
1759.583
1762.5808
1750.4934
186.9985
179.35
184.825
185.1362
186.1665
182.7724
187.8549
182.7434
176.4382
181.188
20.2841
19.9882
19.1636
23.2366
19.4795
19.3666
19.0475
22.6078
19.2957
23.0057
1.7876
1.7932
1.7235
1.6989
1.7215
2.2192
1.7528
3.4451
2.6545
1.7398
0.2896
0.171
0.1935
0.1785
0.1797
0.1714
0.348
0.1757
0.1663
0.1725
0.1113
0.0182
0.018
0.0375
0.0598
0.0276
0.0477
0.0372
0.027
0.0195
20.378
18.0048
22.1973
17.8875
28.3556
21.3617
18.1252
21.7893
18.4441
18.6185
1869.3913
1822.0648
1813.5279
1756.5851
1823.753
1816.5349
1821.6114
1870.7889
1800.135
1730.547
1869.1458
1958.8593
1735.5427
1724.106
1848.1244
1735.3232
1711.1624
1846.8259
1714.1381
1729.3164
1779.2966
1730.9856
1746.8749
1755.2663
1696.8762
1768.152
1735.0252
1702.8292
1826.436
1699.5372
1785.8325
1753.5418
1781.3129
1833.6892
1781.5119
1756.7345
1792.8679
1713.0704
1833.4686
1803.6383
1741.7634
1795.4573
1753.0615
1794.335
1715.0986
1720.3546
1769.3212
1811.7
1793.1709
1816.7061
1976.8719
1821.0951
1871.1697
1910.5434
1811.7198
1867.8177
1987.6801
1923.291
1863.3565
1821.4737
1826.6869
1727.9405
1779.743
1824.8354
1710.5565
1785.688
1916.7134
1744.5706
1741.6046
1830.7098
1924.337
1776.0101
1761.6272
1864.2658
1762.3313
1713.9667
1723.0294
1722.1921
1785.6319
1742.4256
1721.4173
1871.5804
1877.5848
1780.0425
1763.725
1852.5774
1783.4363
1719.4439
1865.0536
1771.4585
1818.298
1769.4976
1769.1542
1776.7326
1784.6771
1809.9821
1709.9855
1736.7284
1805.4994
1770.911
1807.5422
1754.6889
1690.1061
1712.8479
1690.2615
1721.4433
1799.8512
1826.9595
1913.3433
1832.8157
1721.0687
1803.5315
1750.2027
1764.8518
1773.1839
1753.3478
1709.3719
1824.6871
1787.1336
1734.6648
1906.0756
1742.2132
1730.5209
1785.1849
1788.6002
1789.5018
1804.6959
1791.9564
1780.9113
1806.8439
1870.404
1780.6758
1793.2063
1831.6052
1740.9617
1766.3753
1776.4967
1786.5577
1761.3269
1825.648
1918.7259
1948.5498
1863.6618
1734.7607
1768.9957
1749.5486
1743.0283
1827.6579
1743.989
1845.2835
1844.3719
1769.8885
1861.9711
1793.7296
1869.2719
1808.9489
1811.1613
1821.22
1844.1714
1810.5505
1973.2796
1753.0556
1785.7351
1744.2936
1810.2067
1831.9276
1807.4455
1761.5716
1861.4332
1794.1285
1939.6831
1775.0954
1755.9781
1749.8948
1834.3512
1835.9438
1805.261
1809.964
1731.8363
1791.3708
1769.1274
1753.1373
1730.0412
1847.1793
1846.1296
1824.0883
1769.434
1723.0175
1727.1317
1723.115
1776.8787
1744.8163
1848.5805
1774.9839
1752.7618
1755.167
1765.1787
1849.2188
1757.1264
1868.4098
1782.4216
1791.124
1917.3306
1908.0014
1779.9464
1811.2323
1773.728
1810.6237
1737.1115
1748.5188
1794.0923
1761.0045
1854.7585
1993.1473
1811.0245
1830.3157
1771.9536
1788.4243
1758.8293
1794.7447
1838.6982
1763.2919
1726.2022
1759.756
1884.4291
1746.9604
1762.4234
1811.0867
1759.013
1860.8102
1757.5027
1737.7081
1728.3107
1696.9653
1692.1929
1706.5332
1695.4082
1692.0544
1715.4041
1697.0597
1760.7379
1739.8764
1733.5116
1685.3373
1714.4494
1686.2597
1706.6053
1736.8136
1752.824
1765.1162
1874.634
1673.0219
1694.2237
1724.9256
1684.9806
1675.7651
1678.5463
1694.4799
1674.3383
1684.7452
1774.7278
1712.6431
1744.5369
1733.999
1717.3647
1708.7423
1708.2606
1687.5252
1689.5042
1691.0221
1767.5744
1692.2611
1718.1198
1731.5637
1700.556
1732.008
1725.3061
1741.0031
1714.2355
1722.9994
1812.9883
1752.0344
1775.862
1754.8326
1740.6582
1711.0697
1700.5144
1696.975
1720.6753
1709.3857
1809.8595
1714.3282
1698.7068
1734.9759
1705.4879
1695.7123
1772.2072
1741.4273
1703.2218
1735.9783
1700.657
1699.5292
1779.6877
1770.1056
1798.6087
1884.7856
1788.2062
1729.7003
1776.7495
1746.9687
1811.0281
1740.6643
1762.4105
1694.6658
1699.3942
1708.3187
1754.3012
1737.9441
1698.2914
1706.5781
1810.7786
1725.6833
1754.6182
1711.2405
1696.7333
1701.3147
1721.9131
1722.175
1720.3888
1737.8254
1859.4779
1705.4705
1714.6757
1709.1504
1710.9513
1713.4466
1714.3579
1710.8052
1708.7224
1719.8934
1850.11
1701.7096
1716.3417
1701.3337
1712.1229
1709.3147
1716.9966
1731.3078
1715.7762
1732.9715
1862.7881
1764.483
1805.4494
1703.9381
1729.8717
1699.6968
1714.5523
1763.8958
1723.6294
1702.4111
1787.3964
1701.7677
1715.2104
1691.724
1736.4842
1699.2848
1689.7912
1712.7068
1693.1077
1702.8699
1941.9476
2098.9332
2039.2238
2028.2658
1978.5835
1972.8193
1912.9009
2039.8116
1874.0521
1879.9597
1809.0216
1703.4874
1697.9408
1697.8777
1701.3809
1723.1102
1701.5706
1709.6628
1704.414
1727.5828
