1926.8438
776.9111
631.7249
768.5445
629.0429
620.6783
691.005
670.2097
619.8712
754.7481
622.1633
739.8128
767.3244
626.0912
768.9307
624.4955
624.7627
801.9861
724.2086
751.3592
632.318
718.9006
772.7723
691.4687
702.59
770.182
650.9973
823.4359
655.4139
664.9647
640.3219
645.6958
729.6929
637.8104
627.1918
774.5729
629.937
783.7162
803.2326
634.0568
628.2
619.594
629.8569
613.8371
709.2126
626.4319
622.6961
623.9532
620.9831
618.4903
616.2813
620.578
749.3834
618.6646
624.085
621.9663
729.4023
635.437
645.1779
662.257
696.1415
717.3741
660.6946
641.9467
648.6818
635.9082
621.7171
621.1893
714.3532
612.012
696.5565
771.0951
623.8588
770.3804
619.0173
771.2936
618.8078
738.0929
618.6463
734.6038
612.6953
620.4947
617.3899
742.7147
620.8547
728.1682
764.1116
627.1951
766.3625
619.0722
751.1409
611.7893
739.0281
613.8536
735.8495
624.2359
719.5817
621.9989
621.2976
626.9516
743.2664
614.087
735.2274
617.5907
724.7528
617.6117
719.6649
779.8473
624.8363
768.9847
622.7302
624.5201
633.6037
763.4202
621.6627
766.8485
627.6858
766.924
615.3474
753.7057
609.7588
734.0127
620.337
626.7916
622.8891
751.1634
624.8301
626.0967
664.3329
632.4271
620.3109
756.1779
615.3923
750.2435
623.4549
737.883
616.8882
621.4997
620.5612
633.9216
617.649
725.8445
614.1906
717.4564
766.5396
625.7725
767.5027
626.686
768.1529
617.101
757.1833
617.9871
629.3824
621.9046
750.0676
621.2756
621.186
661.7715
633.9474
620.4738
761.3694
621.19
780.0446
730.5643
720.9115
710.4488
895.0646
756.0927
715.7379
727.6341
668.5674
737.5628
654.9787
704.0683
780.9099
686.832
660.8084
713.0595
763.154
791.0586
790.1926
677.2965
726.7035
767.4021
786.0424
659.384
725.3202
665.318
777.1608
782.1672
697.0872
738.7293
650.336
643.2418
647.4878
735.3295
640.1452
632.8586
676.8359
777.2451
629.8509
670.076
751.3377
772.8401
776.5103
624.0481
641.7567
776.9731
647.0453
743.7782
768.3832
629.3979
635.3032
763.173
622.05
621.0433
758.6885
648.2338
701.7971
759.8948
634.9146
614.5514
628.5729
723.7434
626.938
705.4391
773.8087
629.9682
626.093
669.4057
628.1257
618.3556
749.1348
617.4867
770.3681
623.3989
714.464
761.4756
658.5393
741.9756
643.868
621.5804
613.5985
622.8892
614.8462
728.0355
614.6244
724.9281
614.3801
726.398
614.9603
724.3407
615.4609
715.546
617.6117
614.3449
615.3736
730.8077
614.4152
733.9865
611.1348
727.5038
611.4163
702.3732
768.5255
642.8918
765.328
617.1198
755.2402
610.2058
747.0087
610.2639
732.5592
615.0694
616.5954
619.5699
624.9526
611.0448
765.6574
609.3585
764.312
619.2655
761.6496
615.163
614.6949
684.0338
627.0054
700.9698
762.3079
615.8066
619.3044
686.1339
763.0327
622.8615
765.0296
675.5593
611.8232
612.5687
759.1157
614.732
761.3196
607.7229
622.4664
694.1506
763.935
689.912
760.4418
675.8058
765.9707
614.3275
759.1369
614.8851
758.2457
613.9374
757.0397
614.4727
728.6818
622.3111
615.465
608.9776
751.9043
609.5114
624.738
621.8189
763.4652
627.8709
753.5042
617.0161
624.1811
620.8367
626.5977
688.1765
761.8527
613.2087
762.7561
687.0131
622.2671
621.5173
764.7423
617.1619
613.6802
616.8914
614.9838
702.1997
759.1819
608.5537
620.8185
631.9472
611.0292
737.378
615.2074
729.9162
614.5932
733.5469
614.2835
620.2483
666.4663
758.4574
611.423
759.3015
616.7732
758.9767
608.4474
754.4529
616.5645
751.0703
619.7584
752.6496
608.8545
734.1596
611.0307
613.5569
612.4533
751.5647
617.9245
752.1528
619.4373
614.1859
619.7564
762.2129
671.3614
753.8886
610.2171
618.3362
705.8294
768.2017
661.4772
749.9587
611.6031
750.8014
615.2162
752.8185
612.4201
619.7349
665.1876
742.9348
607.2506
627.8838
611.338
744.1581
613.0891
626.6861
619.5803
766.8091
614.4826
756.629
616.8353
619.8131
693.6749
754.4501
617.2176
611.8919
626.7713
772.3006
616.4068
620.8459
614.2292
760.6139
694.6706
757.4488
621.3288
620.6631
688.0461
612.5914
690.1995
764.307
612.8752
625.7784
689.078
761.6521
667.1585
750.2325
615.3268
612.6882
674.2084
767.7484
657.2519
622.4052
617.5028
763.3533
620.0829
762.8145
666.2222
625.876
687.708
612.9357
692.4211
632.9848
685.6541
624.24
613.1744
619.7843
699.5205
763.0389
688.0743
613.3465
623.7891
766.6658
689.4142
616.3766
615.97
765.3355
696.2463
624.7221
689.289
766.5785
617.801
764.5609
621.6591
767.9006
657.5912
752.4874
610.8883
751.1696
626.9572
619.0387
611.4529
611.5563
669.5925
757.3215
616.4291
749.4233
613.5204
619.0493
656.1997
750.6706
618.2304
742.2068
614.6367
616.0324
618.9542
766.3214
616.272
762.8278
611.578
623.3128
693.719
762.4991
677.8609
612.6345
690.7237
628.3151
618.448
765.4116
611.266
743.2054
612.7061
743.526
618.7577
621.5955
660.0616
624.6144
616.2046
762.5973
616.4351
765.0312
613.99
737.9385
616.0442
741.6881
613.2374
739.6186
612.9477
734.4597
614.04
745.4372
608.9291
742.755
611.993
619.232
616.0931
743.8135
610.0416
613.1438
663.1794
628.3905
618.3489
761.1968
613.6514
762.9986
665.6928
758.6673
615.0689
755.3288
614.2481
622.7686
678.1576
764.7344
612.085
758.6982
610.8244
757.645
619.5851
749.5372
612.8185
615.2851
608.664
629.5746
618.6923
761.8458
608.4934
621.3789
679.2043
751.0111
613.2236
747.7567
613.7835
613.3393
674.4532
764.8521
612.5574
763.874
618.0419
755.2914
616.0751
750.2667
617.0023
617.5224
671.1182
627.338
682.7299
620.2661
610.0866
752.4437
610.4277
743.176
615.9606
625.3978
662.3307
612.3184
675.0753
762.1561
607.126
758.7951
614.1011
757.0263
624.2226
751.1464
614.497
748.2274
617.9018
620.2914
629.9888
767.1044
612.836
767.8153
658.8229
723.7526
622.6809
703.6452
762.0729
618.3256
762.6268
616.4274
622.3323
611.9296
779.8472
625.3888
621.5182
771.4851
650.7596
746.8848
649.4381
632.3523
663.0706
634.769
782.7103
702.7947
720.8051
610.391
615.2893
613.4737
761.7974
609.1854
711.197
617.2775
719.1909
615.1374
724.0504
614.4692
725.0883
610.6213
611.8735
613.5147
630.9358
659.9443
627.3816
677.3013
627.7983
616.0628
761.3685
682.9127
765.1491
634.5706
751.9559
611.5511
621.9664
614.3409
769.6306
663.7884
618.8313
607.9825
725.5627
608.0368
608.7202
625.6946
758.0162
617.9652
739.992
612.2117
732.8177
622.3659
750.1697
616.9827
611.5657
623.3475
750.1818
612.8843
617.0054
614.8167
761.9886
660.4131
748.5115
614.21
751.0791
612.9657
613.2529
617.6754
718.5757
610.8949
725.357
614.884
719.8111
613.9501
619.5654
611.8679
634.6914
658.021
628.4737
625.11
764.2113
617.1085
760.3953
613.451
619.433
624.5017
762.2231
616.4165
618.2486
690.8323
774.6806
614.806
761.275
613.2
726.5395
614.3371
725.502
613.5833
727.7382
613.5517
633.0611
614.6219
746.3123
614.7767
737.7811
612.3127
623.2408
615.8083
751.716
621.2772
735.2773
614.0638
734.7176
615.287
738.5691
622.651
749.8319
615.6624
686.1799
765.6922
625.9107
753.1494
615.0014
625.8528
623.5364
766.3416
615.3593
755.0808
613.6851
739.9073
616.0024
623.4627
619.8357
753.088
640.5928
703.8589
774.6513
630.3507
762.9785
624.9377
762.7451
616.8048
753.7085
613.2258
747.2257
612.4601
713.1648
763.3669
620.3113
614.7809
698.2794
613.3636
622.7482
619.8862
717.2905
612.5614
612.133
617.4005
745.3241
613.128
742.746
612.8689
628.5386
657.7029
626.051
675.9144
757.3266
609.7778
743.8592
609.2351
754.095
609.3308
715.1549
758.049
617.3935
770.6023
619.6137
757.7561
610.1826
764.0364
608.2171
617.7667
676.7579
756.2717
621.3988
612.7935
614.9643
633.6761
686.433
632.8487
610.9577
761.1075
683.6202
618.845
689.1773
622.8687
690.0665
758.5818
677.5805
634.5777
615.1119
730.6833
611.3562
631.3485
618.3619
619.9955
623.8827
756.8285
618.0428
746.8677
615.6206
745.9407
611.5249
735.1165
616.0245
726.1151
613.364
718.9835
608.0666
723.5232
616.2867
710.9494
626.004
702.468
770.1591
677.7383
619.6593
675.675
760.0031
617.7046
622.925
676.9879
751.8357
633.1791
727.2679
616.5767
617.6917
619.1022
740.2773
613.58
738.6904
615.8811
730.7693
617.6493
719.0699
616.4255
622.7652
613.5158
627.7638
620.213
760.2948
613.913
702.9472
614.8612
615.4053
625.8451
664.0049
611.5865
617.7677
615.7683
741.6333
611.9172
728.1287
611.0342
733.6211
620.6854
722.4745
616.361
612.1716
616.1411
616.1891
663.9152
755.4424
614.6265
743.4755
615.2696
623.541
628.4615
701.0772
764.1086
621.7859
768.957
617.7617
629.3418
620.1016
764.5567
616.0112
618.8159
676.6366
760.9287
616.2866
630.121
614.5746
765.9699
618.7577
750.1594
616.5637
622.4383
656.8383
618.8025
619.1789
618.5914
610.0305
762.9013
635.399
713.76
629.0972
616.9047
620.7654
620.1415
622.7136
742.9138
616.0849
718.521
766.6527
627.3775
621.4791
686.8487
776.2769
618.3955
766.1814
669.2092
758.5944
620.9846
627.0733
666.1334
752.6814
615.3239
740.5108
613.126
624.8645
765.297
623.2142
616.1704
624.0159
627.055
623.1357
618.1433
728.9188
613.8962
724.4096
612.5216
714.8135
763.7158
686.1601
612.3636
688.0756
763.0469
612.2041
627.1613
687.7451
770.7587
622.0499
759.4117
660.0167
611.0956
620.7525
639.263
618.4634
734.3302
611.6757
720.0818
616.0907
732.1666
762.9133
612.8274
623.9994
621.6812
769.9955
626.2497
760.7227
688.3065
619.2434
641.5275
764.0121
616.8567
750.5295
621.343
738.283
613.4842
1222.7351
1.2078
1.0658
0.68
0.558
0.7747
0.9477
0.6672
0.7376
0.6386
0.8049
1.254
1.1789
0.8052
0.7651
0.7629
0.6931
0.7223
0.9545
0.812
0.8323
1.2994
0.7459
0.8086
0.9353
0.68
0.7361
0.6329
0.7094
0.6301
0.695
0.7238
0.7333
0.8133
0.7762
0.7453
0.7562
1.2068
1.1074
0.7514
0.7435
0.6912
1.097
1.1703
0.7057
0.7382
0.769
0.7578
0.9774
1.116
0.7578
0.7663
0.7063
0.6686
0.8314
1.083
0.7483
0.6968
0.7069
0.8795
1.1321
0.7497
0.7238
0.7687
1.2448
0.7583
2.5498
1.1158
0.762
1.0787
0.7221
0.6313
1.0199
0.6119
0.7775
1.3373
0.6401
0.5682
1.6095
1.0199
0.7468
0.7705
0.8538
1.1341
1.0786
1.0824
0.6595
0.6064
1.1243
1.056
1.0784
0.7646
0.6742
0.6715
0.9879
0.664
0.7519
0.768
0.7778
1.0361
1.123
1.1832
1.1132
0.7361
1.0634
0.6111
0.7576
0.7411
0.7435
0.7401
1.0121
0.6634
0.6675
0.6759
0.7432
0.548
0.6119
0.6813
0.6568
0.7671
1.1714
0.6594
0.7933
0.7752
0.7316
1.7342
0.6537
0.6975
0.7408
1.0643
0.7396
0.7538
0.8104
0.779
1.0235
1.1978
0.7642
0.7563
1.001
0.6216
0.7218
0.7541
0.6606
0.7407
0.7707
1.0784
0.7387
0.7686
1.0429
1.0854
0.7489
0.7509
1.1283
1.065
0.7492
1.0678
0.7412
0.7351
0.7713
1.0668
0.6877
0.7688
1.3829
0.7677
0.7512
1.3299
0.7377
0.7634
0.7436
1.0524
0.64
0.7448
1.0886
0.7633
1.1445
1.0325
0.6413
2.5123
0.79
0.6629
2.8984
0.7488
0.7796
1.1407
1.1107
1.0462
0.7533
0.8065
1.1225
0.7711
0.7723
0.7483
1.1415
1.1272
0.7259
1.0993
0.7749
0.7587
1.0573
0.6506
0.7729
1.0888
0.7471
1.3395
0.7592
0.7285
1.0609
0.7346
1.2303
0.7603
0.7731
1.1094
1.0776
1.0628
0.7094
0.7945
1.1048
0.7717
1.1308
1.0436
0.7729
0.768
1.2288
0.7384
0.7613
1.4134
0.7484
0.7359
1.0721
0.77
1.2623
0.7115
0.7604
0.5974
0.8047
0.766
1.0293
0.7243
0.4919
0.6649
0.6503
1.0686
0.7438
1.1657
0.7239
0.747
1.2853
1.1682
0.7235
0.7797
1.1197
0.7451
1.0906
1.1064
1.1366
1.0988
1.03
0.742
1.5114
0.7
0.6511
1.1104
1.1844
1.1767
0.7882
1.0779
0.7103
1.127
0.7608
1.055
1.0639
0.7137
1.1421
0.7044
1.047
0.7134
1.0113
0.6641
0.7777
1.0482
0.8459
1.1322
0.731
0.6854
0.8626
1.0716
0.7895
1.0537
0.7407
1.114
1.0717
1.2467
0.7519
1.2662
0.7764
0.765
1.0849
0.738
1.0842
1.0631
0.7196
1.0776
0.7157
1.6847
0.8027
0.6703
0.7181
1.0366
0.772
1.0763
0.7776
1.0677
0.8316
1.1138
0.724
1.0596
0.7805
1.0707
1.1104
1.1236
1.0753
0.7503
1.0597
0.7584
1.0481
0.7546
0.8702
1.1011
1.07
1.1568
0.7794
1.0412
1.1023
1.0617
1.1369
1.242
1.1682
1.0738
1.2606
1.0721
0.7027
1.0991
0.7568
1.108
0.7655
1.0333
0.7341
0.7454
1.1565
0.7874
1.1527
1.2291
1.0754
1.1536
0.7342
1.0684
1.848
1.142
1.0982
0.7615
1.052
0.7601
1.177
1.0967
1.0675
1.0471
1.0612
0.702
0.7662
1.0885
1.8507
1.0819
1.2762
1.024
0.6981
1.1071
1.9632
1.1642
1.1535
1.0728
0.6962
1.0858
0.7576
1.114
1.1295
1.1207
1.0568
1.2284
0.6446
1.0136
0.8087
1.0945
0.7426
0.7899
1.0916
1.0564
0.7604
1.059
1.043
0.7274
1.0941
1.0332
0.8494
1.0472
1.0997
0.7414
1.1436
1.1316
0.6965
1.1295
1.0685
1.0895
1.0526
0.7761
1.1336
1.1006
1.0675
1.1134
1.0579
1.0875
0.7273
1.1336
1.7861
0.9762
1.0594
1.1007
1.6546
0.7511
1.076
0.7585
1.1192
1.0918
1.0349
0.7339
1.0133
1.0675
0.7671
1.0553
1.108
1.1188
1.1043
1.0746
0.8774
1.1781
1.0859
1.0824
0.768
0.6525
1.1483
1.121
0.7638
1.0904
1.1056
0.9738
1.1224
1.0893
1.0763
0.7477
1.0834
1.1489
1.1004
1.0861
1.1502
1.0884
0.6281
1.1306
1.0862
1.7467
0.7156
1.1198
1.1184
1.0498
1.1546
1.0524
1.0487
1.0662
1.0798
1.0383
0.7687
1.1527
1.0795
1.0888
0.7515
0.7608
1.1499
1.5804
1.1409
1.1118
1.0526
1.0181
1.9308
1.0814
1.1114
1.0812
1.096
0.7945
1.0918
1.1116
1.1578
1.7079
0.7745
1.0867
1.0877
1.0933
1.0332
1.069
1.0186
1.0663
1.0819
1.1125
1.1339
1.0944
1.0562
1.1379
1.0641
0.8343
1.2566
0.6989
1.0848
1.0765
1.0352
1.1419
1.0988
1.0872
1.0943
0.7236
1.1668
1.1034
1.069
1.0616
1.0779
1.0389
1.7154
1.4883
0.7588
1.118
1.1239
1.0357
1.5748
1.696
0.761
1.0983
1.1675
1.1918
1.2701
1.0763
1.1736
1.0954
1.0903
1.1511
1.132
0.7675
1.1383
1.0054
1.1399
0.9081
1.0669
1.1451
1.1091
1.1465
1.1305
1.1435
1.1482
1.1746
1.0969
1.0199
1.1076
1.1819
0.7791
1.0863
1.1774
1.2128
1.1379
1.1448
1.0266
1.0262
1.0477
1.167
0.768
1.1002
1.0819
1.185
1.1412
0.8588
1.1821
1.1178
1.1795
1.0641
1.1387
1.1285
1.0426
1.077
1.0959
1.0383
1.0693
1.1457
1.1338
1.0956
0.6256
1.0441
1.1219
1.2233
1.1449
1.1097
1.1462
1.0323
1.0346
1.054
1.0219
1.0799
1.0677
1.0656
1.0848
1.1019
0.834
1.1235
1.081
1.0383
1.1249
1.1891
0.796
1.2112
1.1771
1.1558
1.1315
1.0604
1.1663
1.5502
1.0826
1.2459
1.7346
1.5303
1.1253
1.0455
1.0664
1.0387
1.1121
1.0687
1.095
1.6731
1.1003
1.197
1.0891
0.7654
1.1225
1.1502
1.04
1.087
1.0765
1.1177
1.1596
1.1066
1.1371
1.0616
1.0786
1.0873
1.1594
1.1437
1.0792
1.1306
1.1772
1.0686
1.0629
1.1064
1.7397
0.9703
1.1281
1.0522
1.13
1.1142
1.0907
1.0846
1.0413
1.1855
1.0932
1.0883
1.1561
1.9254
1.0578
1.7158
1.0879
1.0805
1.048
1.1202
1.1134
1.0647
1.069
1.1336
1.1402
1.0152
1.0931
1.0975
0.7716
1.0623
1.1615
1.0963
1.1595
1.07
1.1126
1.0752
1.0523
1.0689
1.1109
1.1809
1.1259
1.0328
1.1643
0.7774
1.0802
1.0936
1.11
1.016
1.0794
1.1052
1.0761
1.1827
1.0598
1.0524
1.0924
1.1309
1.0633
1.0691
1.2778
1.6906
1.1156
1.0668
1.1534
1.1129
1.0655
1.2165
1.0708
1.0265
1.1454
1.1283
1.0483
1.1264
1.207
1.2749
0.73
1.1466
1.0663
1.0677
1.0779
1.1256
1.0602
1.1838
1.0472
1.0859
1.0657
1.0516
1.063
1.0062
1.0548
0.7027
1.345
1.1401
1.1023
1.0562
1.0679
1.1449
1.1125
1.085
1.138
1.1148
1.0671
1.1001
1.0809
1.0987
0.6711
1.0745
1.0281
1.0543
1.0483
1.1487
1.1531
1.1003
1.1296
1.0139
1.6597
1.0926
1.0816
1.1161
1.1098
0.7603
1.1335
1.1092
1.1434
1.0786
1.1361
1.1062
1.1259
1.0966
1.1952
1.1958
1.1032
1.1457
1.1319
1.0962
1.0562
1.1114
1.1273
1.0749
1.1805
1.093
1.085
1.07
1.087
2.3108
2.0094
0.5072
1.1429
0.6393
1.0835
1.036
1.0687
1.1264
1.0849
1.059
1.0906
1.0817
1.0304
1.0929
1.1901
1.0563
1.1162
0.7552
1.183
1.1382
1.0494
1.1045
1.1699
1.0838
1.0628
1.1076
1.1192
1.1103
1.0825
1.1058
1.2022
1.1103
1.1109
1.058
1.1232
1.0675
1.1254
1.1381
1.1897
1.1379
1.1487
1.0795
1.1119
1.16
1.0936
1.1383
1.1155
1.1119
1.1262
1.0816
1.1678
1.1971
1.1143
1.063
1.1332
1.1331
1.0984
1.0848
1.0535
1.2769
1.0414
1.0668
1.162
1.1854
1.1469
1.1995
1.1536
1.1161
1.0443
1.0979
1.0658
1.0497
1.0759
1.1353
1.1096
1.0623
1.0413
1.1755
1.0622
1.1947
1.0788
1.0542
1.0988
0.7437
1.1155
1.1721
1.157
1.3221
1.0748
1.0663
1.0478
1.1521
1.0527
1.186
1.235
0.7826
1.0471
1.1352
1.1423
1.1807
1.134
1.1295
1.0989
1.1614
1.2049
1.08
1.1378
1.0099
0.8041
1.1232
1.1719
1.1246
1.1068
1.0829
1.1168
1.3431
1.0674
1.0706
1.1355
1.1356
1.1444
0.6725
1.1038
1.1609
1.1406
1.1021
1.1631
1.1795
1.0417
1.0464
1.0821
1.3155
1.1008
0.6676
1.1316
1.1982
1.1711
1.3876
1.0856
1.1004
1.0348
1.1469
1.0875
1.092
1.1968
0.7487
1.0998
1.1276
1.1429
0.9703
1.0878
1.1568
1.1209
1.1086
1.1147
1.1106
1.1115
1.1886
1.1353
1.1183
1.178
1.1202
1.2222
1.1455
1.0382
1.1314
1.3626
1.1228
1.1224
1.1689
0.7284
1.0856
1.1335
1.1421
1.1342
1.1537
1.1191
1.1582
1.2028
1.056
1.1049
1.0283
1.0941
1.222
1.1394
1.1557
1.0991
1.1094
1.1929
1.0762
1.0651
1.1676
1207.1711
0.6903
0.6515
0.6705
0.7066
0.7384
0.7378
0.7267
0.708
0.732
1281.4997
0.9128
0.9397
0.7216
0.6735
0.6758
0.7464
0.7216
0.7771
0.7434
1183.9599
68.7202
64.7528
66.5046
67.1442
63.6693
65.9628
63.6239
65.3451
65.8179
1938.4879
658.2776
624.619
688.7995
629.6289
632.4438
630.8314
757.8267
619.1495
747.0971
1817.9608
770.645
794.9373
653.7648
770.5156
682.9918
647.0734
792.1809
645.8767
748.7667
2531.8302
1224.4348
1240.5828
1192.875
1265.0406
1190.7792
1191.31
1205.768
1201.642
1199.5893
94.6984
1.1479
1.1941
1.4087
1.3243
1.2629
1.2025
1.3254
1.1857
1.4187
14.5265
1.1821
1.4546
1.317
1.2177
1.4255
1.3123
1.1553
1.7211
1.1539
75.6082
66.0009
65.5491
65.2335
65.2702
65.3709
65.2621
65.408
65.352
65.2176
382.7323
401.4594
358.5694
415.3645
332.8114
329.3683
378.9898
403.2669
337.228
366.2561
406.5042
398.6087
333.1159
330.2526
326.5498
381.6782
394.6628
329.3388
322.2478
392.9144
404.1145
396.6828
333.5477
334.7799
318.8781
354.0621
394.9134
332.1943
398.7676
326.4038
351.0791
396.8166
403.4695
326.4503
331.7558
402.6511
338.6423
338.1694
333.3011
337.0075
357.2483
406.2909
375.4515
405.2434
340.05
401.0294
327.2315
323.1281
398.102
329.1623
19.2583
4.5548
4.2861
4.4785
5.3871
4.578
4.7433
4.7944
4.3442
4.3178
49.0876
36.2568
34.5928
35.9438
37.2109
37.1968
33.9748
34.8802
35.1033
35.2891
14.7078
1.2077
1.8073
1.9438
1.2817
1.3046
1.2843
1.3853
1.3953
1.4719
15.3748
0.8476
1.275
1.1961
1.2506
1.0634
1.5092
1.2383
1.2119
1.0477
19.8466
1.2214
1.1725
1.1364
1.0161
0.972
1.1807
1.0096
1.0319
1.0355
18.4775
0.8645
1.1141
0.9893
0.9582
1.2234
1.2034
1.1137
1.1958
1.2421
18.1283
0.7754
1.1226
0.9095
1.1005
1.0439
0.9563
1.0673
0.9647
0.9528
12.4424
6.2514
5.3097
5.6275
5.7734
5.3896
6.2555
6.2297
5.8144
5.465
56.5267
50.7266
52.0189
48.8918
51.8422
48.3393
51.5282
50.0406
51.6009
49.6324
13.3442
6
5.3927
6.2056
5.7961
5.6014
5.2966
5.4131
6.1295
6.735
53.707
50.1055
48.1954
49.4687
48.0436
48.456
48.9465
50.9168
48.777
48.8136
464.0028
552.8026
459.6823
470.4295
467.7994
458.5164
548.4211
467.1593
561.8827
464.4826
468.5238
529.6228
490.9209
470.352
466.9969
562.3876
471.907
491.2326
496.8609
475.1043
466.2972
487.6442
543.9145
500.6733
465.2065
472.2975
554.3209
469.1798
487.6207
471.9566
589.8785
569.1244
457.7002
562.0695
460.3601
460.6976
462.4112
537.9201
456.6881
560.5461
63.0223
51.8701
49.5561
50.2193
52.2744
51.8529
49.6969
48.5895
50.1787
49.2729
13.7769
6.3208
6.0213
6.0716
6.5307
6.9933
7.1519
6.0942
6.3331
5.5723
530.4972
556.2912
446.4214
455.7037
468.1429
519.0878
565.6634
451.7521
558.6827
475.3462
554.2921
520.2428
462.3959
563.463
469.4003
466.3182
545.9855
461.4299
471.2231
457.7114
550.5881
466.4035
512.8746
552.7198
478.8232
455.562
452.5435
524.6191
561.4796
479.2134
455.7195
556.1245
467.503
555.5319
548.6512
570.7805
538.4916
550.2122
562.5727
464.7342
558.5879
479.3081
447.4771
556.8646
458.8455
492.9602
455.2532
557.7912
462.1402
555.5269
471.6314
443.1258
553.2607
471.4226
456.2416
475.1474
462.0938
555.8763
485.7782
559.3364
490.8736
474.7186
522.8707
553.5112
489.9108
555.3944
531.5667
451.3918
553.0386
469.5686
449.8818
462.3735
531.2692
451.4259
456.0428
526.79
446.0518
548.3415
462.4461
558.3625
484.3202
555.861
469.2908
501.4589
553.8973
479.3337
556.3419
481.0689
483.3261
466.238
496.4219
548.8262
511.9285
461.7939
547.3209
546.7643
548.2052
454.6206
553.7749
463.1386
618.5503
567.8595
487.046
572.9821
482.4168
568.886
467.7578
468.3598
561.6275
480.4213
525.073
531.2219
570.723
462.2141
476.5186
576.7195
483.5749
573.1199
477.7692
570.5918
545.6933
494.3419
515.9996
483.4922
457.8384
570.4059
498.1866
472.1304
541.8713
563.6918
575.6843
529.5743
561.5748
477.2657
453.3899
461.7084
510.9533
470.5757
475.9747
580.0222
470.7082
452.584
478.9405
462.5471
563.4282
474.2926
496.1327
561.4633
468.5045
557.3218
543.6584
483.5976
466.4161
469.7059
468.139
490.7024
457.5252
560.093
481.1934
465.3649
60.6554
56.929
52.4305
56.8377
49.2472
48.4897
47.9201
51.0959
49.8505
48.9624
11.1232
6.1124
5.6041
5.7188
6.5964
5.8916
6.0131
5.7782
6.2092
6.9376
5.8704
1.1066
1.4231
1.0447
0.9814
0.996
1.1554
0.9941
1.5413
1.1345
7.4401
0.5177
0.9917
0.681
0.6326
0.4141
0.7245
0.5813
0.5967
0.5948
5.681
0.514
0.9421
1.0041
0.6521
0.5941
0.645
0.5821
0.5906
0.5485
12.8663
6.4485
6.4093
6.1859
5.9596
6.8652
5.5932
6.3312
6.3402
6.407
531.6648
571.4227
563.1541
487.6027
461.8654
503.0798
517.8509
468.8915
537.6448
570.9594
425.9293
543.6193
537.7542
516.9819
430.4486
521.9161
517.6299
423.0094
524.0144
530.3842
564.1541
557.0605
459.4038
490.5456
559.9566
460.6919
452.8279
462.688
559.9539
453.9408
534.1834
454.3119
543.6451
440.2012
548.0356
449.0213
443.9399
450.3784
438.0939
447.4614
546.439
454.6438
535.1933
435.3506
546.4887
449.291
443.9923
543.7713
456.9579
450.1359
589.4579
487.6828
467.333
456.0165
558.4502
467.6183
557.7987
456.3328
561.3982
466.1001
504.3708
553.7014
454.9572
450.7976
523.3482
442.8524
549.0556
453.8019
550.8572
463.9
520.4782
454.8661
448.5557
549.1638
452.5178
459.6266
555.6659
441.6409
550.8242
449.1674
522.4747
522.2629
552.0213
446.2231
448.8685
554.442
447.2555
548.9575
454.7667
458.464
577.0021
473.149
453.1056
427.7595
430.1532
522.8186
434.7722
431.3335
532.6952
441.1489
517.8471
508.4164
537.6466
433.9558
479.7268
533.9425
441.5517
448.5987
574.8802
499.7428
454.5734
545.8098
451.256
436.6963
542.2352
459.614
438.3132
537.2546
514.6194
453.2231
433.4627
441.4146
420.4397
489.6357
426.27
421.8828
428.9094
417.9929
523.0388
445.8721
452.7352
397.2057
400.3903
437.8227
477.1032
401.2851
455.2744
392.8978
461.8459
405.7304
484.7152
473.568
433.0489
414.7453
516.0142
420.5885
482.1965
517.6525
433.148
475.5668
526.825
528.964
526.053
435.4991
465.562
534.095
440.9405
535.7492
454.6608
426.5323
543.758
425.7985
520.8828
429.9039
432.1066
444.5563
440.4001
433.1163
532.5329
472.7617
485.7352
449.3285
484.7097
404.1886
402.0238
402.6543
491.2083
396.5794
430.558
488.8344
448.9211
547.9923
461.2587
439.9743
549.3656
472.3179
548.3325
452.6153
499.1626
554.7509
451.6
542.9802
436.8516
438.46
439.5962
489.5366
549.3454
449.6723
442.5519
463.1232
438.2998
537.9321
454.2495
558.751
433.1247
539.3426
435.0105
457.9058
545.3871
433.3116
507.7834
413.0355
425.286
513.2784
519.2364
427.0186
508.4745
424.344
433.9211
513.4904
577.4321
440.3774
438.6705
527.2758
439.5962
528.2591
505.2231
528.2155
439.0318
480.4198
188.4316
212.2367
190.3029
181.9439
185.9217
187.4487
186.0965
184.9031
185.8181
207.7284
204.7791
188.2906
222.7995
190.521
189.7343
189.9831
224.8614
217.6691
224.8005
226.1617
229.6794
217.3867
187.144
222.0806
220.3481
192.2268
194.4609
187.8489
219.9805
223.3971
237.1554
213.2687
236.2934
186.1214
193.4279
197.7598
187.5675
223.2992
224.3413
216.8473
212.6188
223.3026
194.2942
188.3217
192.9792
193.6052
222.6998
221.1556
221.5154
218.7404
195.4961
207.3452
209.327
208.6716
209.4504
218.9911
217.3865
207.7261
206.6335
209.2919
210.1997
226.7499
191.6659
189.0995
223.808
192.1152
190.2609
194.1769
194.1875
194.9505
217.4924
201.1802
184.5126
185.3814
216.0605
218.3388
226.6028
224.9706
227.0185
215.2802
203.5365
186.9238
223.0239
224.8368
220.1393
214.1546
219.4264
210.1342
215.4812
213.4138
231.6693
215.9068
223.6497
223.4621
224.6161
220.2638
228.1032
217.0687
219.9837
223.3831
236.891
206.3023
206.3336
214.6407
208.9049
216.7033
183.7341
206.7995
216.1449
214.7366
238.7061
218.0943
225.9258
191.3882
191.1866
223.1229
214.4171
217.0491
211.865
221.4033
238.0683
222.6716
216.4107
221.8311
187.4161
222.9621
189.3648
223.7595
222.9931
221.9312
200.3503
187.6305
189.6318
222.0129
193.6559
224.4539
228.8603
226.779
227.7269
192.2129
223.7342
196.7525
226.9413
235.0204
226.5274
200.0535
236.6454
237.3372
227.4661
225.5978
252.7101
218.6284
213.8217
191.6416
190.7729
202.7851
219.8
188.5278
186.4539
190.2926
